ID	CS1	CS2	CS3	group
ERR3017006	-2.321720579	-0.917903669	-2.882979597	2
ERR3017264	1.255478401	0.00784984	-0.845707037	3
ERR3017712	-2.45038041	0.846230713	2.547487637	2
ERR3017713	-2.989992873	0.228173515	-1.537430706	2
ERR3017714	-3.228502803	0.594421221	0.626363747	2
ERR3017715	-2.722082681	0.316262443	0.653454507	2
ERR3017717	-2.059484103	0.744362357	2.807604683	2
ERR3017718	-3.308194103	-2.742218848	-1.408589218	2
ERR3017719	-3.065292263	-0.268090823	-1.724258012	2
ERR3017720	-2.813688165	0.105501223	-0.172959832	2
ERR3017750	-2.279745098	0.804925306	2.051824394	2
ERR3017751	-2.343912588	0.872610613	2.796474964	2
ERR3017753	-2.373068151	0.646813657	2.826229699	2
ERR3017754	-3.486660079	-0.457045816	0.849807705	2
ERR3017755	-3.131983945	-2.961966289	2.893424376	2
ERR3017756	-4.005736986	0.590330665	0.24571785	2
ERR3017757	-4.028082877	0.011687723	-1.748811132	2
ERR3017799	-2.47089357	0.791721829	1.885190816	2
ERR3017800	-3.899571296	0.284505061	-2.779322256	2
ERR3017801	-3.791588449	0.437999732	-1.22297559	2
ERR3017802	-2.448531617	-0.9433651	1.075197173	2
ERR3017803	-2.14694241	0.828165437	2.362626728	2
ERR3017805	-2.474475271	0.184676127	2.665547113	2
ERR3017806	-2.939666403	0.689592581	1.336149256	2
ERR3017807	-2.961640728	0.522949946	0.646716282	2
ERR3017808	-3.670421225	0.214335906	-0.200264258	2
ERR3017809	-2.881951334	0.760568615	1.126299077	2
ERR3017810	-2.589404446	0.518005167	0.217628346	2
ERR3017811	-3.044282348	-0.700983282	-0.191479303	2
ERR3017856	-2.799069299	0.137921814	2.105511177	2
ERR3017857	-4.860808102	0.110351784	-1.176548504	2
ERR3017859	-2.88876599	-0.42099816	0.956330066	2
ERR3017860	-2.433047434	-0.891673869	-0.87366512	2
ERR3017861	-3.868971881	-0.649861598	-3.406364661	2
ERR3017862	-4.160875928	-2.610105242	-5.321781226	2
ERR3017863	-4.914568672	-0.238907263	-2.630365512	2
ERR3017864	-2.223258581	-1.103986479	-1.540912413	2
ERR3017865	-3.00989438	-0.991908817	-1.49614583	2
ERR3017907	-2.910822976	0.502880459	-0.533531141	2
ERR3017908	-3.102116509	0.536370243	0.728817297	2
ERR3017909	-2.19693992	0.419978754	1.332686643	2
ERR3017911	-2.35179645	-0.191158581	-0.635339951	2
ERR3017912	-3.466923807	-0.937868363	-6.671642586	2
ERR3017913	-3.120930749	-2.121390953	-6.77153761	2
ERR3017914	-2.558846309	0.675535723	1.092852659	2
ERR3017915	-2.952412963	0.715562462	2.008705613	2
ERR3017916	-1.862288331	-1.92829247	-2.826811412	2
ERR3017955	-2.663408095	0.702706133	0.887497448	2
ERR3017956	-2.153098472	0.931000009	3.3310316	2
ERR3017957	-2.360303009	0.740699497	1.680265501	2
ERR3017958	-2.174187762	-0.367320813	2.20237756	2
ERR3017959	-2.776073522	0.345847676	0.353729409	2
ERR3017961	-3.085958911	0.595795083	1.622124968	2
ERR3017962	-3.169747372	0.70347651	1.085220195	2
ERR3017963	-2.924306459	0.667226427	1.312465624	2
ERR3017964	-2.550103576	-0.394651772	0.472659254	2
ERR3017965	-2.804435156	-0.016459314	0.431410245	2
ERR3017997	-2.616069344	0.679851626	1.967207242	2
ERR3017998	-2.264299711	0.801184423	3.20966721	2
ERR3017999	-3.255695432	0.355723971	-1.98595192	2
ERR3018001	-3.240275148	0.055860145	-3.224645169	2
ERR3018002	-2.390910126	0.228203048	-1.543559225	2
ERR3018003	-3.652242526	0.186482718	-1.085423336	2
ERR3018048	-2.44136613	0.823099284	2.124794907	2
ERR3018049	-2.589093899	0.735739445	1.513117625	2
ERR3018050	-3.328998658	0.664189239	-0.110195922	2
ERR3018051	-2.796817464	-0.320004204	0.150635336	2
ERR3018053	-3.510848446	0.541662491	-0.001423577	2
ERR3018054	-2.432102246	0.821257322	1.922897616	2
ERR3018055	-2.687102508	0.212192122	-0.114463454	2
ERR3018056	-2.361676413	0.730453867	2.079255482	2
ERR3018101	-3.035418378	0.610917822	0.35082909	2
ERR3018102	-2.100874643	-0.322828953	-1.427156008	2
ERR3018103	-2.97808243	-0.37211523	-3.666778985	2
ERR3018104	-3.127347002	0.074050614	1.346650617	2
ERR3018105	-3.061270743	0.338624744	-0.296946389	2
ERR3018107	-3.838957208	0.690336908	0.281708674	2
ERR3018108	-2.852784435	-1.101485026	-0.92964741	2
ERR3018109	-5.526574374	0.066227011	-0.99331197	2
ERR3018110	-5.280545337	-3.267137491	3.265246473	2
ERR3018111	-0.578158557	-1.763837913	-2.552823085	2
ERR3018112	-1.342183316	-0.227152141	-3.60188601	2
ERR3018153	-2.039261013	0.784694271	2.222145318	2
ERR3018154	-2.762064328	0.6610568	1.41820819	2
ERR3018155	-2.313064143	0.486453002	2.340616288	2
ERR3018156	-2.048249361	-1.177374744	1.967745033	2
ERR3018157	-2.575040117	-0.214481424	0.912465979	2
ERR3018159	-2.690073734	0.685307619	1.37741804	2
ERR3018160	-2.910524099	0.288652835	-0.197981345	2
ERR3018161	-1.909082767	-0.213886194	-1.396575703	2
ERR3018162	-3.21728066	-0.237459558	1.349050958	2
ERR3018163	-2.856680005	0.029130311	-2.035710435	2
ERR3018164	-2.725052954	0.113319474	-3.10124666	2
ERR3018208	-2.157504299	0.800653197	2.378553674	2
ERR3018209	-2.118461412	0.724428918	-0.62460328	2
ERR3018210	-1.925287395	0.751503503	1.337202199	2
ERR3018211	-2.14757099	0.723333095	-0.069951408	2
ERR3018213	-2.225284269	0.755655611	0.749334228	2
ERR3018214	-2.263330734	0.66203976	0.382621592	2
ERR3018215	-4.584444132	0.180313358	1.967763795	2
ERR3018216	-1.73896492	0.704459761	0.148604796	2
ERR3018262	-2.244137094	0.726127574	1.647883801	2
ERR3018263	-3.002118196	0.519709231	-0.055223227	2
ERR3018264	-2.489582352	0.668224942	0.941107151	2
ERR3018265	-4.962681567	0.04391814	-2.771602371	2
ERR3018267	-2.832596137	0.45736516	0.470631216	2
ERR3018268	-4.059920656	0.075335543	-1.632384269	2
ERR3018269	-4.977498142	-0.002282561	-2.731166728	2
ERR3018270	-3.394670634	0.270484404	-1.616158965	2
ERR3018271	-3.940449603	-0.627432742	-4.570767106	2
ERR3018272	-4.161807299	0.040465053	-1.28071236	2
ERR3018318	-2.608656997	-1.266589481	-3.023014687	2
ERR3018319	-1.904830102	-0.934338812	0.861469763	2
ERR3018320	-3.341411728	-0.922215744	-3.118084351	2
ERR3018321	-3.426904848	-0.247675527	-2.668610674	2
ERR3018322	-3.761249018	0.620576852	0.549748693	2
ERR3018324	-2.440287569	-2.480474233	-1.492852598	2
ERR3018325	-1.549481354	-0.5096121	-1.552846538	2
ERR3018326	-2.810137771	0.240201558	-0.682861591	2
ERR3018327	-2.122129298	-0.967504906	-0.807284445	2
ERR3018328	-2.703742803	0.225256098	0.467345599	2
ERR3018373	-2.610302956	0.215282669	1.484909608	2
ERR3018374	-3.542146638	0.52084627	0.125765895	2
ERR3018375	-2.634016502	0.811422649	2.418633336	2
ERR3018376	-3.461336425	0.529862339	-0.474374402	2
ERR3018378	-2.585177756	0.057473337	1.678690389	2
ERR3018379	-3.101728386	0.466176367	0.968458823	2
ERR3018380	-2.395950983	0.090982514	2.382275252	2
ERR3018381	-2.305708112	-2.13375939	-1.299806914	2
ERR3018425	-2.876759777	0.956201272	2.425807547	2
ERR3018426	-2.072602045	0.74554584	2.489778962	2
ERR3018427	-2.222122831	0.250195384	-4.041164512	2
ERR3018428	-4.454308659	0.125713018	-2.98815355	2
ERR3018429	-4.020080715	-0.422233943	-2.283500938	2
ERR3018431	-3.46611633	-0.831678896	-0.823623666	2
ERR3018432	-3.249029891	-0.096580279	-0.230911371	2
ERR3018433	-1.288769571	-5.322110653	0.64742617	4
ERR3018479	-4.292642939	0.544016815	0.012705812	2
ERR3018480	-3.996495657	0.167773004	-1.169224075	2
ERR3018481	-1.651390751	-0.933710035	-1.49353627	2
ERR3018483	-1.746256704	-1.628870159	-2.182130978	2
ERR3018484	-3.567502327	-3.864921566	-3.754813927	2
ERR3018485	-3.897309401	0.581578373	1.344814887	2
ERR3018486	-1.904361877	-1.05619255	-1.810886292	2
ERR3018487	-3.712879996	0.042051356	-0.443087531	2
ERR3018488	-2.77850591	-0.524098923	-2.311647486	2
ERR3018489	-2.134340049	-1.903445223	-0.71866692	2
ERR3018524	-2.368612577	0.245833049	-2.221895465	2
ERR3018525	-3.914556378	-0.52046444	-4.495008248	2
ERR3018526	-3.725232711	-0.0200452	-1.643766458	2
ERR3018527	-3.03631964	0.249124093	1.268390565	2
ERR3018528	-2.883193118	0.066438653	-0.066829421	2
ERR3018530	-2.541842832	0.837011243	2.667970085	2
ERR3018531	-2.695412531	0.761782144	1.895844209	2
ERR3018532	-2.699614749	0.615743859	0.374249667	2
ERR3018533	-2.180220767	0.884532081	3.229385912	2
ERR3018534	-2.034183604	0.864368199	3.596055399	2
ERR3018582	-2.411200334	0.194934504	-0.930486939	2
ERR3018583	-3.147369853	-1.827964284	-2.716696839	2
ERR3018584	-2.24888779	0.305233699	0.820945352	2
ERR3018585	-3.141853927	0.690431567	0.343251707	2
ERR3018586	-3.562591628	0.139030855	-1.039931474	2
ERR3018588	-4.751866211	0.271827387	-3.094625701	2
ERR3018589	-2.392767654	0.403236101	0.937509067	2
ERR3018590	-3.155965378	0.150244353	-0.987990789	2
ERR3018591	-4.366744425	-0.407504697	-2.670604753	2
ERR3018592	-3.933302249	0.10734617	-1.990291799	2
ERR3018593	-6.005088483	-0.200146863	-6.859205824	2
ERR3018640	-1.796865748	0.120679329	-1.010190982	2
ERR3018641	-2.630314957	0.755312462	0.661973039	2
ERR3018642	-2.834686187	0.742174042	0.748439275	2
ERR3018643	-3.741099486	0.005745711	-1.175073416	2
ERR3018645	-3.170150509	0.541558077	0.669417171	2
ERR3018646	-2.147275841	-0.398329455	-1.517719239	2
ERR3018647	-2.368633385	0.352160275	1.30375065	2
ERR3018693	-2.089618311	0.880350338	3.541878624	2
ERR3018694	-2.591928232	-0.306233201	-2.556049411	2
ERR3018695	-2.577605305	-0.084436732	2.080190491	2
ERR3018696	-2.139106419	0.747391228	3.07098944	2
ERR3018697	-3.561601174	-0.161282887	1.056243578	2
ERR3018699	-4.43884242	-0.769467719	3.111402679	2
ERR3018700	-2.640090096	0.328686797	0.699783634	2
ERR3018701	-2.110777057	0.741980698	3.077351957	2
ERR3018702	-2.936251049	0.436825511	1.152563951	2
ERR3018703	-2.065119094	0.855991393	3.200281803	2
ERR3018704	-3.19893375	0.080654929	-1.859983759	2
ERR3018752	-2.653680975	0.667291521	1.158459564	2
ERR3018753	-4.631303196	0.386688433	-2.301449548	2
ERR3018754	-3.628644343	0.805899046	1.200193042	2
ERR3018755	-3.379044139	0.367968412	0.601415756	2
ERR3018756	-2.337909843	0.504346915	1.519885036	2
ERR3018758	-2.803711985	-0.024426994	-0.244980295	2
ERR3018759	-3.122305401	-0.747967451	-1.355791371	2
ERR3018760	-2.959506512	0.299605146	0.735698515	2
ERR3018761	-4.021045768	0.617423423	1.210893412	2
ERR3018762	-2.910904903	0.575764466	1.020467307	2
ERR3018806	-3.139141366	0.615195026	-0.035966182	2
ERR3018807	-4.783518452	-0.294697719	-3.313410058	2
ERR3018808	-3.838005541	-0.397308107	-2.399414599	2
ERR3018809	-5.463379787	-0.249518696	-0.57614041	2
ERR3018810	-4.577059628	0.314741805	-1.375440891	2
ERR3018812	-2.716751125	-0.019405477	-2.605490919	2
ERR3018813	-2.372547844	0.474330473	1.067868816	2
ERR3018814	-2.925066355	0.711759184	1.179686104	2
ERR3018815	-1.297601833	0.533475702	-0.525740093	2
ERR3018816	-2.140854885	0.267497357	-0.379818575	2
ERR3018817	-1.375518003	-0.096860685	-1.306949712	2
ERR3018818	-0.604248534	-0.527230216	-2.197351542	2
ERR3018865	-3.4472016	0.65856378	1.58465605	2
ERR3018866	-2.942594523	0.841910503	2.078004304	2
ERR3018867	-2.461303073	-0.398478732	-3.097900466	2
ERR3018868	-5.683082152	-0.052179508	-2.291335849	2
ERR3018869	-2.694356079	0.592010529	0.20648606	2
ERR3018871	-3.266049784	0.045735221	-1.158223246	2
ERR3018872	-1.870881018	0.102331568	0.109532818	2
ERR3018873	-1.933399279	-0.768671586	-3.60824485	2
ERR3018874	-9.897395519	-0.898656531	-10.51481023	2
ERR3018875	-1.648510637	-3.592799385	-1.344695895	4
ERR3018876	-3.157280713	-1.25443062	-4.529868431	2
ERR3018947	-2.186117936	0.409760332	0.517937931	2
ERR3018948	-4.03902296	0.115771837	-2.330676966	2
ERR3018949	-3.214231507	0.625970318	0.56610301	2
ERR3018950	-3.218413228	0.561885631	-0.555328711	2
ERR3018952	-4.553683718	-0.064118316	-2.200150973	2
ERR3018953	-2.716177547	0.503812128	1.447083205	2
ERR3018954	-2.395025576	0.315684895	0.924173804	2
ERR3018955	-2.989417311	0.299002883	-1.262054585	2
ERR3018956	-2.929442591	0.419535299	-2.169627192	2
ERR3018957	-2.988914824	0.4929547	1.486760042	2
ERR3018958	-2.819296818	0.035908988	0.463803961	2
ERR3019000	-3.06908999	0.640560287	0.173044642	2
ERR3019002	-3.561648482	0.020161676	-1.77830656	2
ERR3019003	-2.793211393	0.254644488	-0.004695045	2
ERR3019004	-2.861934463	0.525932234	0.130661309	2
ERR3019117	-3.278092334	0.505071134	0.339269435	2
ERR3019118	-3.532391112	0.509622969	0.81235272	2
ERR3019119	-1.6868524	-0.821501525	-2.671232869	2
ERR3019120	-2.006959793	0.564156348	0.76945147	2
ERR3019122	-3.127552937	0.478826112	-0.563532539	2
ERR3019123	-2.354556263	0.71198616	2.262521717	2
ERR3019124	-3.028161871	0.354413029	-0.477189257	2
ERR3019125	-2.067090315	0.402064105	0.862276662	2
ERR3019126	-2.509152619	0.508868686	-1.318140069	2
ERR3019127	-3.577516018	0.108365907	0.696197792	2
ERR3019170	-2.632277923	0.672956715	0.80124886	2
ERR3019171	-3.238095397	0.600043401	-0.896069996	2
ERR3019172	-2.013708712	0.712028792	2.482377034	2
ERR3019173	-2.769143595	0.620274959	1.402477304	2
ERR3019174	-1.732743184	-1.191618402	2.453250076	2
ERR3019175	-2.783330427	0.638017443	0.763793219	2
ERR3019176	-2.441293419	0.199912027	0.80969377	2
ERR3019177	-2.316266549	0.664606839	1.395355339	2
ERR3019178	-2.210302084	0.748017764	2.349653285	2
ERR3019218	-2.856954539	-0.038190779	1.03890923	2
ERR3019219	-3.807172279	0.241995719	-2.271899688	2
ERR3019220	-2.352014354	0.357614256	1.170572696	2
ERR3019221	-1.478747144	0.138992053	0.252963692	2
ERR3019223	-2.388882677	0.867945257	2.613514961	2
ERR3019224	-2.849411576	0.051755441	0.292530244	2
ERR3019225	-1.558336653	-4.973376857	1.804305516	4
ERR3019298	-2.550164245	0.80972477	3.272646617	2
ERR3019299	-2.917801565	0.649431674	1.012329065	2
ERR3019300	-2.308810191	0.898043348	2.539819843	2
ERR3019301	-2.335216063	0.895288337	2.366647691	2
ERR3019302	-2.753044737	0.685925083	0.328012594	2
ERR3019304	-2.71789772	0.800587306	1.434260817	2
ERR3019305	-3.183685214	0.612122086	0.076597653	2
ERR3019306	-2.180784167	0.850510922	2.482230463	2
ERR3019307	-2.109201843	0.78776532	2.311805752	2
ERR3019308	-2.389870127	0.857774397	2.265930373	2
ERR3019309	-2.919291521	0.784729916	1.192552591	2
ERR3019354	-2.542228352	0.349381002	-0.634937021	2
ERR3019355	-3.826594528	-0.059668383	-2.535796406	2
ERR3019356	-1.376804513	0.204356739	-1.065067232	2
ERR3019357	-2.77918818	0.729047216	1.14892868	2
ERR3019360	-3.383910161	0.228160488	-2.110794116	2
ERR3019361	-2.196864406	0.861132751	3.477346297	2
ERR3019363	-2.591431946	0.132760883	-1.341338111	2
ERR3019364	-3.782154902	0.787495274	1.384175815	2
ERR3019365	-3.51853201	0.277242033	-1.652500282	2
ERR3019413	-2.512824316	0.800770083	1.746192507	2
ERR3019414	-2.636331588	0.780470843	2.055050009	2
ERR3019415	-3.441494381	0.509656314	-1.338516391	2
ERR3019416	-2.776143111	0.661289288	0.574902159	2
ERR3019417	-4.636199374	-0.016651678	-1.731060073	2
ERR3019418	-3.473798621	0.598678985	-1.383556906	2
ERR3019419	-3.795155344	-0.543550384	-3.36422308	2
ERR3019420	-1.637440594	-0.082526353	-2.270080238	2
ERR3019421	-3.378672475	0.511897023	-0.093541781	2
ERR3019422	-2.492338657	-4.408166082	0.505468152	4
ERR3019423	-1.067897026	-5.082169125	1.431423149	4
ERR3019424	-0.444981545	-4.098205538	0.140228446	4
ERR3019471	-3.041204401	0.549691907	1.850321479	2
ERR3019472	-2.663659349	0.724815629	2.093746282	2
ERR3019473	-2.517851723	0.789557689	1.802170007	2
ERR3019475	-2.129153831	0.73862246	2.797759827	2
ERR3019476	-4.963366253	0.942016861	0.915555806	2
ERR3019477	-2.297034938	0.361168557	1.795707589	2
ERR3019478	-2.030115548	0.020970285	-0.399469634	2
ERR3019523	-2.45557137	0.798394774	2.044818416	2
ERR3019524	-4.420485137	0.578336284	-0.308286954	2
ERR3019525	-4.013939908	0.475442207	-0.7385665	2
ERR3019527	-2.793560683	0.550017462	-0.251218981	2
ERR3019528	-2.621659891	0.780249094	1.936397643	2
ERR3019529	-2.630054785	0.846715764	1.767636867	2
ERR3019530	-3.75370038	0.327285114	-1.320064011	2
ERR3019532	-4.348323834	0.388467994	-1.018432973	2
ERR3019577	-2.713807319	0.892794824	2.196091042	2
ERR3019578	-1.873537968	0.594514004	1.294798024	2
ERR3019579	-2.885617514	0.697417168	1.093688064	2
ERR3019580	-3.018519886	0.467146425	0.976314741	2
ERR3019581	-2.909888008	0.749551165	1.269561442	2
ERR3019583	-2.336945884	0.826290993	2.395563243	2
ERR3019584	-2.579271605	0.787625807	2.294745444	2
ERR3019585	-2.734021503	0.152518359	1.05839388	2
ERR3019586	-2.268059495	0.778309458	2.531823557	2
ERR3019587	-2.919103383	0.624608226	0.781721766	2
ERR3019588	-3.331188378	-0.500201803	0.386172799	2
ERR3019634	-2.628739004	0.769493332	0.905577256	2
ERR3019635	-2.995611832	0.803624737	1.171807175	2
ERR3019636	-2.571671687	0.77236882	1.480228302	2
ERR3019637	-2.565642396	0.862743286	1.539023213	2
ERR3019639	-3.701412281	-0.040960641	-1.118171512	2
ERR3019641	-3.450251774	0.430802175	1.118607041	2
ERR3019642	-2.914772056	0.60276637	0.814780276	2
ERR3019643	-2.897249844	0.493958331	-0.22739526	2
ERR3019684	-2.855418895	0.785405098	1.544050776	2
ERR3019685	-2.484928295	0.611226698	1.350921915	2
ERR3019686	-2.751152869	0.628832903	0.497478127	2
ERR3019687	-2.82955872	-0.01664348	-0.236521386	2
ERR3019688	-2.668675088	0.809282833	2.971736402	2
ERR3019690	-2.928728376	0.610448154	-0.031718527	2
ERR3019691	-2.310640277	0.616223899	1.715225759	2
ERR3019692	-2.774116315	0.542644042	1.277144552	2
ERR3019693	-2.425349909	0.65494563	2.066646833	2
ERR3019694	-2.600925824	0.516053284	1.876144058	2
ERR3019695	-3.165236798	-0.020181363	-0.414005684	2
ERR3019737	-2.888369075	0.59340326	-0.183112499	2
ERR3019738	-3.430059009	0.326125958	-2.659604011	2
ERR3019739	-3.900937834	0.461825075	-2.287444513	2
ERR3019740	-2.592148122	0.726632378	1.221372951	2
ERR3019741	-2.243233768	0.598656515	2.862585876	2
ERR3019743	-3.110918781	0.552533208	-1.097590702	2
ERR3019744	-2.589897032	0.558850249	1.786612384	2
ERR3019745	-2.365178708	0.176819382	1.423425777	2
ERR3019746	-2.941198818	0.214126338	-1.094640545	2
ERR3019747	-2.901246291	-0.050727518	-2.697938475	2
ERR3019748	-1.59395627	0.181301713	-0.833726953	2
ERR3019749	-2.994279707	0.486988314	0.12657956	2
ERR3019794	-3.214307651	-0.285522276	0.423038882	2
ERR3019795	-3.239561729	0.695378185	1.567338552	2
ERR3019796	-2.568334663	0.378551517	0.061147263	2
ERR3019797	-1.727306061	-5.01956136	2.111188104	4
ERR3019798	-2.505606489	0.758402546	2.958685968	2
ERR3019800	-2.741719383	-0.444736612	-1.344043739	2
ERR3019801	-3.12263057	-1.432740367	-0.688007607	2
ERR3019802	-0.399301613	-1.512607908	-2.053070671	2
ERR3019803	-2.613471818	0.558009819	1.209291503	2
ERR3019804	-1.791405341	-2.56464525	0.251032723	2
ERR3019805	-3.309706979	0.768190777	1.354539642	2
ERR3019847	-1.899545175	0.768989515	3.308988826	2
ERR3019848	-2.889204106	0.531830856	0.033804573	2
ERR3019850	-2.65968523	0.550859484	0.698493586	2
ERR3019851	-2.474826713	0.67008365	1.351747143	2
ERR3019854	-3.423929113	0.402128728	-0.835182137	2
ERR3019855	-2.894790096	0.339654323	1.06276621	2
ERR3019948	-2.908690846	0.331744933	-0.95858719	2
ERR3019949	-2.503288898	0.555308415	-0.541511241	2
ERR3019950	-3.865194331	0.236357616	-2.222498382	2
ERR3019953	-2.122054573	0.523372083	-0.305004346	2
ERR3019956	-2.539346621	1.020119112	2.575912627	2
ERR3020327	-3.234229658	-0.113983958	-1.400704214	2
ERR3020328	-2.697159747	-0.693417721	-0.983830617	2
ERR3020329	-2.619307263	-0.480156629	0.299702086	2
ERR3020330	-2.183155929	0.662462714	1.340836546	2
ERR3020331	-2.720587514	0.415596215	0.993926561	2
ERR3020332	-2.490348727	0.606298503	2.025942411	2
ERR3020333	-2.926461779	0.052551397	0.64436611	2
ERR3020334	-2.593626504	0.762331601	2.742303447	2
ERR3020335	-2.375016981	0.795084779	1.978571587	2
ERR3020336	-2.958448396	0.659997439	1.373288771	2
ERR3020337	-3.276393955	0.510399767	2.091491021	2
ERR3020338	-3.302556445	-0.481769743	-0.871264612	2
ERR3020339	-2.295379729	0.24008044	0.249965414	2
ERR3020340	-2.784174922	0.162957985	-2.104289192	2
ERR3020341	-2.892288509	-0.488135677	1.11676794	2
ERR3020342	-3.13397457	-1.216565908	-1.774857046	2
ERR3020343	-2.498514771	0.096154475	0.439269826	2
ERR3020344	-2.949417713	0.026681504	0.258364815	2
ERR3020345	-3.738373856	-0.124655685	-1.691393778	2
ERR3020346	-3.22384255	-2.112079186	1.234967573	2
ERR3020347	-3.577579736	0.409551751	-3.006727049	2
ERR3020348	-3.242326826	0.125881391	-1.742245328	2
ERR3020349	-2.846819137	0.875511207	1.617173576	2
ERR3020350	-3.368275997	0.109922126	0.009688849	2
ERR3020351	-3.448825374	0.284416864	-1.635024478	2
ERR3020352	-3.451356954	-0.763703084	-1.698788831	2
ERR3020353	-3.024386693	0.274719835	-0.282778075	2
ERR3020354	-2.511644345	0.086616167	0.499025163	2
ERR3020355	-2.104090522	0.857127715	2.463845908	2
ERR3020356	-2.271908502	0.69689108	-0.356155853	2
ERR3020357	-2.143543439	0.676814286	2.626073371	2
ERR3020358	-2.965832093	0.43207065	-0.29058251	2
ERR3020359	-2.847501615	-0.232750096	-0.291794664	2
ERR3020360	-3.774158537	-0.628273782	-2.25653819	2
ERR3020361	-0.943340136	-0.19789317	-1.158806264	2
ERR3020362	-4.026874093	-0.482492493	-4.495930303	2
ERR3020363	-3.130047525	-0.620908069	-0.515796596	2
ERR3020364	-1.89518608	0.530632999	2.652607921	2
ERR3020365	-4.957790596	-0.158257159	-4.547046095	2
ERR3020366	-3.517506067	-0.255330081	-0.518435751	2
ERR3020367	-1.835503416	-0.6255162	-0.530697781	2
ERR3020368	-3.045584538	0.7707953	2.227145887	2
ERR3020369	-2.552116561	-0.665031882	-2.905883892	2
ERR3020370	-3.217612455	0.489637819	0.696309533	2
ERR3020371	-2.142279024	0.795692245	3.05816952	2
ERR3020372	-4.752067662	-0.527759748	-4.335026764	2
ERR3020373	-2.176648586	0.77992833	2.512099482	2
ERR3020374	-1.293914211	-3.179068938	-1.459675876	4
ERR3020375	-3.122354452	-0.110704882	-0.096947917	2
ERR3020376	-2.604675433	-0.357762774	0.929595764	2
ERR3020377	-2.337537253	0.735972911	2.194005862	2
ERR3020378	-1.384350651	-1.022040345	-2.760016774	2
ERR3020379	-3.841721249	-0.459583088	0.602522338	2
ERR3020380	-3.333767698	-0.145371954	-2.991565148	2
ERR3020381	-3.337002536	0.028726683	-2.471415468	2
ERR3020382	-2.380718701	0.27178177	2.190547021	2
SRR8115443	2.388885229	0.842218322	0.054137894	3
SRR8115447	1.96045814	0.614925982	0.209489531	3
SRR8115448	1.993464541	0.772019022	0.526135904	3
SRR8115652	1.766026812	-0.541100637	-0.143446103	3
SRR8115660	2.345629913	0.392672071	-0.74311934	3
SRR8115675	0.465943196	0.497067054	-1.124926502	3
SRR8115693	1.85019215	0.578355163	0.381771938	3
SRR8115699	1.480703381	0.828484548	0.953698105	3
SRR8115705	3.049882341	-0.074341292	0.815293388	3
SRR8115709	1.572006695	0.592830549	0.155864866	3
SRR8115711	0.000657568	-0.019079612	-0.396549813	3
SRR8115716	2.030753795	0.520460971	0.971492819	3
SRR8115717	2.160378519	0.843830344	0.264834939	3
SRR8115724	2.290586708	0.302354791	-1.536940297	3
SRR8115752	1.908481384	0.674720763	0.016512919	3
SRR8115761	1.632850993	-0.222203019	1.150735622	3
SRR8115765	2.648990972	-0.260200683	-1.251922179	3
SRR8115766	1.635156861	0.724538233	-0.248517992	3
SRR8115769	1.684118197	-2.294427471	-2.361772248	2
SRR8115781	1.271633825	0.92249752	1.155284931	3
SRR8115782	3.088643333	0.750848851	-1.416405508	3
SRR8115784	1.852919086	0.273943384	-0.904559651	3
SRR8115791	2.103488011	0.57379885	-0.053997664	3
SRR8115797	1.758864753	0.721837084	0.620002888	3
SRR8115799	1.931399319	0.943238224	0.48158497	3
SRR8115801	1.43297855	0.71777738	0.257211942	3
SRR8115821	1.974705053	0.461504648	-0.408388032	3
SRR8115828	2.130253026	0.63626013	-0.647965915	3
SRR8115837	1.795684365	0.587636585	0.702477507	3
SRR8115852	1.398160521	0.64091319	0.555347366	3
SRR8115857	1.984762387	0.96207507	0.730153659	3
SRR8115862	2.046322463	0.710022815	0.741278157	3
SRR8115867	1.717881968	0.440076509	-0.543683447	3
SRR8115868	2.046257	0.514732169	0.395839848	3
SRR8115870	0.753294072	0.442355236	-0.612687813	3
SRR8115871	0.04333153	0.567335471	-0.711970842	3
SRR8115874	1.298627073	0.694413875	-0.128627447	3
SRR8115893	1.194177374	0.393990694	0.702012969	3
SRR8115894	1.068554021	-0.283069969	-1.313613357	3
SRR8115895	0.660565463	-2.165060394	0.165339054	4
SRR8115897	0.160249413	0.428977918	-1.082964421	3
SRR8115898	4.033128787	1.45890374	-0.518759983	3
SRR8115901	2.21099757	0.793435552	0.501728041	3
SRR8115910	2.081716944	-1.488429661	-0.523114676	3
SRR8115913	1.662787585	0.60529217	0.197639787	3
SRR8115914	2.615406572	0.270532143	0.213681542	3
SRR8115917	1.251014376	-0.237483951	0.081578468	3
SRR8115918	1.668175231	-0.241070286	-3.269936624	2
SRR8115920	1.675732543	0.526230991	-0.085114474	3
SRR8115926	2.028224607	0.768457334	0.756244239	3
SRR8115928	1.444315338	0.471289511	0.598866073	3
SRR8115930	0.140177047	-3.162145805	-1.146106582	4
SRR8115933	0.739369387	-2.903160883	0.895949787	4
SRR8115935	0.889777335	-2.06328002	1.051783911	3
SRR8115955	1.803535231	-0.090509444	0.311552023	3
SRR8115960	1.124619613	-0.039324848	-0.079982292	3
SRR8115964	1.036288156	0.58037987	0.121533984	3
SRR8115984	1.032255317	-1.349291835	0.495104371	3
SRR8115987	-0.597586363	0.830674542	-2.795402057	2
SRR8115995	0.065485938	-0.224209167	-0.096896878	3
SRR8115996	1.936626249	0.325222187	0.247212613	3
SRR8115997	1.716073503	-0.648398235	-1.525535402	3
SRR8116022	1.956293411	0.805276962	0.38855262	3
SRR8116030	2.991065739	1.044904329	0.778713519	3
SRR8116034	1.940208541	0.516635526	0.322044107	3
SRR8116051	1.511963314	0.481645887	0.3698927	3
SRR8116054	4.010432822	0.506496681	-0.489225447	3
SRR8116057	2.116909742	0.501176439	0.121956816	3
SRR8116058	1.753130353	0.431225396	-0.052021104	3
SRR8116072	1.59153245	-0.1063921	-0.251958128	3
SRR8116073	1.907533202	0.184952193	0.358685086	3
SRR8116079	1.120580611	0.74241112	0.808665508	3
SRR8116082	1.16283821	0.113195111	0.315073199	3
SRR8116083	1.007511061	-6.351279756	1.847813738	4
SRR8116094	1.051241888	0.561656387	0.090484963	3
SRR8116104	2.816510317	0.358309329	0.081810356	3
SRR8116109	1.539985471	0.021959423	-1.642957845	3
SRR8116113	1.75933328	0.232325488	-0.255714035	3
SRR8116116	1.874843073	0.491745153	-0.816044069	3
SRR8116122	1.800908989	0.908691654	0.846914175	3
SRR8116133	1.673162851	0.772127099	-1.562638729	3
SRR8116138	-0.04100828	-6.643026167	2.22258195	4
SRR8116141	2.161237702	0.755202732	-0.17358114	3
SRR8116148	-0.336600952	-3.571860664	-1.477863403	4
SRR8116150	2.126841347	0.78555261	0.557364186	3
SRR8116161	1.861925325	0.295087426	0.523380738	3
SRR8116166	2.027693053	0.200541681	-0.199438909	3
SRR8116168	1.300961846	0.710553159	1.036113177	3
SRR8116172	0.693828176	-0.242605454	-3.357039677	2
SRR8116181	2.176270201	-1.535462249	-0.527589967	3
SRR8116182	2.011598037	0.321742632	-0.666007577	3
SRR8116189	0.932290855	-3.010845725	1.21856475	4
SRR8116192	1.313495793	0.724981151	-2.070751294	3
SRR8116197	2.002443754	0.615049555	-0.105439364	3
SRR8116200	1.413313651	0.395568761	0.962048216	3
SRR8116204	0.853824499	-0.286894664	0.089300082	3
SRR8116205	2.110006354	0.806645865	-0.731173239	3
SRR8116206	2.425339288	0.048833798	0.10204969	3
SRR8116207	2.722669019	0.319174872	-0.363014776	3
SRR8116211	2.214385986	0.643599554	0.086906786	3
SRR8116242	0.653539127	0.160541604	-0.422027332	3
SRR8116275	1.470924601	-0.79712633	0.652943413	3
SRR8116278	2.267339141	0.652612553	0.199887707	3
SRR8116286	2.337790489	-0.49629707	0.01187072	3
SRR8116292	2.164089876	-0.319075404	-0.71121464	3
SRR8116293	0.953485537	-3.347588926	0.459581037	4
SRR8116303	1.860836681	0.622834982	-0.496462779	3
SRR8116304	2.732980257	0.48159424	0.504502902	3
SRR8116307	2.216863787	-0.033253042	0.397940302	3
SRR8116333	2.520744792	0.604057164	0.515503161	3
SRR8116334	1.477060267	0.400130935	0.18117182	3
SRR8116335	1.443212066	0.2125449	-0.230863624	3
SRR8116342	1.09290801	0.195171046	-0.190650582	3
SRR8116343	1.530322318	0.436200554	-0.303821954	3
SRR8116344	1.065527324	0.649021208	0.255738373	3
SRR8116348	1.176613324	0.650813055	0.05548795	3
SRR8116353	2.245104663	0.469378392	-0.656547502	3
SRR8116356	-0.235738215	-1.89931212	0.772144894	4
SRR8116359	1.555457069	0.349866026	-0.87396924	3
SRR8116362	1.568281105	0.486466828	-0.988473542	3
SRR8116364	1.878524102	0.152468695	0.466309608	3
SRR8116365	1.038384734	0.408650648	-0.580908012	3
SRR8116368	1.927508191	0.445558016	0.693354329	3
SRR8116371	2.228000712	0.311103107	-1.367265806	3
SRR8116377	1.946255384	0.604383533	-0.21639218	3
SRR8116379	-0.007666205	-7.147251422	2.340277773	4
SRR8116384	2.527793804	-0.404979038	-0.678532758	3
SRR8116387	2.124380068	0.291451909	0.192358342	3
SRR8116404	1.380726974	0.56583058	0.731711186	3
SRR8116414	-0.131238791	-0.205551502	-0.884195985	3
SRR8116418	0.522147895	1.039249425	-3.72776482	2
SRR8116420	2.942175495	0.783272415	0.525975391	3
SRR8116423	1.523400918	0.950611339	1.026721088	3
SRR8116424	1.425151821	0.878342942	0.872813381	3
SRR8116434	1.496317225	0.764357613	0.754595808	3
SRR8116436	2.007575111	0.123904634	-0.187298666	3
SRR8116447	1.605024151	-5.44549994	1.463880667	4
SRR8116460	2.171680034	0.755702063	0.393957662	3
SRR8116464	2.225596587	-0.123098173	0.368324841	3
SRR8116467	2.547038717	-1.370740261	-0.481472193	4
SRR8116470	2.169085484	-0.586439671	-0.950751568	3
SRR8116471	1.649542025	0.319119449	-0.689241703	3
SRR8116477	2.504023297	0.25916547	-0.661493239	3
SRR8116479	2.072613532	-0.445474486	0.24820367	3
SRR8116494	2.188849706	0.874748085	0.565410419	3
SRR8116495	2.680717168	0.569141265	-0.158757993	3
SRR8116496	2.345867497	0.692516935	-0.157466082	3
SRR8116498	1.382119802	-1.660911225	0.6852082	3
SRR8116500	2.373115766	0.959590849	0.723063868	3
SRR8116501	2.442008933	0.790537267	0.497730976	3
SRR8116502	1.488750916	0.577876971	-0.530603394	3
SRR8116507	2.119982979	0.531458795	0.238034786	3
SRR8116529	2.663467141	0.471612521	-0.342624425	3
SRR8116530	2.539943242	0.619192513	-0.058538806	3
SRR8116532	2.695050107	0.524062528	-0.005684638	3
SRR8116533	1.662008382	0.471229731	-0.052929085	3
SRR8116534	3.146714412	0.483119814	0.359108614	3
SRR8116547	3.083822101	-1.316277472	-2.075734329	3
SRR8116550	2.479801522	-0.098102163	-0.515965963	3
SRR8116556	1.909178	0.954339201	-0.237680743	3
SRR8116558	3.053146375	0.567038307	-0.308354408	3
SRR8116560	3.123794277	0.679466617	0.618286672	3
SRR8116568	-0.601304788	-0.383438382	-1.242551469	2
SRR8116569	3.15169454	-0.029833974	-0.240077337	3
SRR8116586	2.642079005	0.923864381	0.003736799	3
SRR8116595	2.684565209	-0.128754764	0.467270472	3
SRR8116599	3.176716304	0.860587292	-0.117233941	3
SRR8116601	1.932684531	-1.567664689	-0.529661853	3
SRR8116602	0.138958463	0.050933414	-1.342979606	3
SRR8116615	2.572459213	-0.362221365	-0.716619229	3
SRR8116617	1.683879629	0.479807268	0.255954524	3
SRR8116618	0.759544559	0.465391991	-1.031629678	3
SRR8116623	1.706523161	-0.015039022	-1.775906295	3
SRR8117073	2.479801522	-0.098102163	-0.515965963	3
SRR8117085	1.477060267	0.400130935	0.18117182	3
SRR8117086	1.443212066	0.2125449	-0.230863624	3
SRR8117088	1.09290801	0.195171046	-0.190650582	3
SRR8117089	1.530322318	0.436200554	-0.303821954	3
SRR8117090	1.065527324	0.649021208	0.255738373	3
SRR8117094	1.539985471	0.021959423	-1.642957845	3
SRR8117102	1.75933328	0.232325488	-0.255714035	3
SRR8117114	1.874843073	0.491745153	-0.816044069	3
SRR8117115	2.228000712	0.311103107	-1.367265806	3
SRR8117116	2.290586708	0.302354791	-1.536940297	3
SRR8117117	1.568281105	0.486466828	-0.988473542	3
SRR8117119	1.927508191	0.445558016	0.693354329	3
SRR8117124	1.038384734	0.408650648	-0.580908012	3
SRR8117127	1.068554021	-0.283069969	-1.313613357	3
SRR8117132	2.615406572	0.270532143	0.213681542	3
SRR8117135	1.662787585	0.60529217	0.197639787	3
SRR8117136	1.668175231	-0.241070286	-3.269936624	2
SRR8117139	1.251014376	-0.237483951	0.081578468	3
SRR8117140	2.942175495	0.783272415	0.525975391	3
SRR8117153	1.956293411	0.805276962	0.38855262	3
SRR8117159	0.522147895	1.039249425	-3.72776482	2
SRR8117161	2.161237702	0.755202732	-0.17358114	3
SRR8117162	2.110006354	0.806645865	-0.731173239	3
SRR8117165	1.673162851	0.772127099	-1.562638729	3
SRR8117170	2.216863787	-0.033253042	0.397940302	3
SRR8117171	1.993464541	0.772019022	0.526135904	3
SRR8117172	1.96045814	0.614925982	0.209489531	3
SRR8117176	2.388885229	0.842218322	0.054137894	3
SRR8117179	0.160249413	0.428977918	-1.082964421	3
SRR8117184	4.033128787	1.45890374	-0.518759983	3
SRR8117187	2.21099757	0.793435552	0.501728041	3
SRR8117190	1.398160521	0.64091319	0.555347366	3
SRR8117192	1.488750916	0.577876971	-0.530603394	3
SRR8117197	2.732980257	0.48159424	0.504502902	3
SRR8117201	1.861925325	0.295087426	0.523380738	3
SRR8117208	2.642079005	0.923864381	0.003736799	3
SRR8117215	1.051241888	0.561656387	0.090484963	3
SRR8117224	1.984762387	0.96207507	0.730153659	3
SRR8117225	0.000657568	-0.019079612	-0.396549813	3
SRR8117231	1.572006695	0.592830549	0.155864866	3
SRR8117232	2.030753795	0.520460971	0.971492819	3
SRR8117233	2.160378519	0.843830344	0.264834939	3
SRR8117234	1.878524102	0.152468695	0.466309608	3
SRR8117245	0.693828176	-0.242605454	-3.357039677	2
SRR8117249	1.300961846	0.710553159	1.036113177	3
SRR8117251	2.027693053	0.200541681	-0.199438909	3
SRR8117255	0.04333153	0.567335471	-0.711970842	3
SRR8117258	1.298627073	0.694413875	-0.128627447	3
SRR8117261	0.465943196	0.497067054	-1.124926502	3
SRR8117262	0.753294072	0.442355236	-0.612687813	3
SRR8117265	1.194177374	0.393990694	0.702012969	3
SRR8118480	0.19871396	0.501232911	-1.769261862	3
SRR8118481	1.707484107	0.85465999	0.546267059	3
SRR8118484	2.109775056	0.748702993	0.207182832	3
SRR8118486	1.659724564	0.821098909	0.230357844	3
SRR8118489	1.737230043	-0.046834544	0.153146223	3
SRR8118491	1.622298387	0.723475905	0.391270192	3
SRR8118492	1.596212882	-0.279854125	0.004413246	3
SRR8118493	1.093235234	0.744064291	0.810027522	3
SRR8118494	1.654820851	0.601934654	1.044600725	3
SRR8118498	1.533422562	0.009865989	-0.519519579	3
SRR8118503	2.173464542	0.53674022	-0.4171053	3
SRR8118510	1.869883769	0.277710846	-0.069015629	3
SRR8118514	3.138138295	0.380571134	0.004427456	3
SRR8118518	2.332458204	0.313783818	0.213414433	3
SRR8118523	1.547976602	0.168632681	-0.141045098	3
SRR8118524	0.75702394	0.080554263	-1.208344789	3
SRR8118525	1.23617818	-0.058580463	-0.688954944	3
SRR8118527	1.191626212	0.653146979	0.325957985	3
SRR8118528	2.158624382	0.572066905	-0.865215212	3
SRR8118534	2.114081666	0.710295676	-0.917614499	3
SRR8118535	1.823251447	0.581005376	0.191468652	3
SRR8118536	1.963551809	0.516233227	0.237084285	3
SRR8118538	1.585376603	0.762018294	0.214380533	3
SRR8118539	1.661792744	0.127022741	-1.292286844	3
SRR8118543	-1.337866069	0.374598857	-1.102558971	3
SRR8118544	-0.979638377	0.492031399	-2.08380125	3
SRR8118549	2.107109328	0.47163039	0.203362178	3
SRR8118565	2.498508966	0.074911666	0.15112796	3
SRR8118566	2.405279232	0.512541246	0.396918921	3
SRR8118567	1.764340602	0.486651869	0.377137693	3
SRR8118573	2.53673045	0.42776653	0.131531771	3
SRR8118574	1.625942467	0.370327799	-0.037464808	3
SRR8118587	2.185028655	0.386030548	0.576865419	3
SRR8118588	2.599149721	0.417704276	0.331181232	3
SRR8118589	1.529332218	0.472982129	0.444127824	3
SRR8118592	1.471554842	0.730933506	1.235965299	3
SRR8118593	1.793939936	0.519518575	1.021011767	3
SRR8118594	1.355601905	0.549500522	0.234638083	3
SRR8118611	0.518297929	0.268777937	-0.921173939	3
SRR8118612	1.132595452	-0.172468652	-0.585391252	3
SRR8118620	0.938151397	-5.994316711	1.584763591	4
SRR8118621	2.536843117	-4.109525932	0.207745099	4
SRR8118626	2.295605228	-3.435042354	1.072916891	4
SRR8118627	0.60929396	-2.854104113	0.188785136	4
SRR8118630	2.657685607	0.366040791	0.124891005	3
SRR8118631	3.108058783	1.067342728	0.066819675	3
SRR8118641	2.073003827	0.414775654	0.402793899	3
SRR8118642	2.2227377	-2.396157692	-0.026634033	4
SRR8118643	2.706477146	-1.967439907	-0.501079196	4
SRR8118645	1.187962199	0.797123375	1.030837624	3
SRR8118657	-0.398119813	0.16319249	0.504179064	3
SRR8118662	0.642422426	0.218491337	-0.79893833	3
SRR8118663	1.242360729	0.489902516	-0.157362694	3
SRR8118800	2.758877386	-0.938900568	-0.318445827	3
SRR8118806	2.240738753	-0.586371733	1.053875892	3
SRR8118812	2.09390705	0.72224509	0.580973074	3
SRR8118815	2.169431188	0.629113325	0.136549347	3
SRR8118817	1.737971753	0.740072766	0.645334808	3
SRR8118824	1.669451262	0.421363964	0.386097577	3
SRR8118825	2.140373625	-0.347232945	0.506177356	3
SRR8118831	1.459395201	0.853050198	0.796274738	3
SRR8118842	2.353320327	-0.285864623	0.515237505	3
SRR8118861	2.092256103	0.729291716	0.200788299	3
SRR8118862	1.336184185	0.841969668	0.862884211	3
SRR8118866	2.714662947	0.485944537	-0.69647216	3
SRR8118888	1.615362348	0.933705563	1.062106212	3
SRR8118906	1.851112821	0.705690871	0.772809137	3
SRR8118911	3.165911445	0.479242953	-1.009307995	3
SRR8118912	2.080556698	-0.000977084	-0.417288214	3
SRR8118914	3.65578689	0.590263481	-1.100204004	3
SRR8118935	1.972141112	0.388849521	0.457800951	3
SRR8118937	2.467970033	0.459506954	0.357730874	3
SRR8118938	1.596956412	0.85538015	1.103871008	3
SRR8118940	2.069436685	0.136788641	-0.791215519	3
SRR8118942	1.423480824	0.713898657	-0.430838732	3
SRR8118946	1.497613418	0.890034812	1.001326107	3
SRR8118955	1.388571503	0.593960756	0.628934465	3
SRR8118956	1.793120198	-0.356412127	-1.414737109	3
SRR8118983	1.573550048	0.744249576	0.362771146	3
SRR8118984	2.066133789	0.360936121	0.42295711	3
SRR8118990	1.466859471	0.683214906	0.262906761	3
SRR8118998	0.619198202	0.87152289	-3.33504626	2
SRR8119011	0.781118669	-5.388047728	1.328917197	4
SRR8119014	1.882375934	-1.492850774	0.358108783	3
SRR8119023	2.618103648	0.829448209	0.196074721	3
SRR8119026	3.020447658	0.691111338	0.371478951	3
SRR8119027	2.896926113	0.906935601	0.632709065	3
SRR8119028	2.807734147	0.965517732	0.225955653	3
SRR8119029	3.091886659	0.875572505	0.555662702	3
SRR8119033	2.208426658	0.295346234	0.42503286	3
SRR8119034	2.115986515	1.030131683	0.244059152	3
SRR8119045	1.216136237	-0.119759347	-1.629539411	3
SRR8119046	1.765483858	0.562894835	0.004292825	3
SRR8119054	1.081596503	-6.65261975	0.647238008	4
SRR8119055	1.796225315	0.679978996	0.41020863	3
SRR8119056	1.319009527	0.087519809	-0.024190653	3
SRR8119057	2.445977398	0.161578894	-0.110968896	3
SRR8119063	1.750637428	0.571559225	0.354933214	3
SRR8119073	2.616772278	0.970886499	0.406889853	3
SRR8119077	2.0818092	0.645613313	0.165257762	3
SRR8119078	1.488501278	0.770424843	0.270161534	3
SRR8119079	1.967120491	0.901976885	0.465627814	3
SRR8119080	1.659894731	0.844991407	0.629565184	3
SRR8119081	1.749009412	-0.562522369	0.320008489	3
SRR8119089	2.115017478	0.822873544	-0.033677685	3
SRR8119096	1.842750475	0.533617008	0.332768853	3
SRR8119105	1.91406916	0.754879977	0.193284459	3
SRR8119108	2.21346794	0.716630769	0.470961933	3
SRR8119109	2.316643671	0.86836173	0.453280003	3
SRR8119113	2.331069044	0.880977302	0.247400904	3
SRR8119114	2.900263668	0.369275036	0.59233439	3
SRR8119116	2.757046006	0.274086894	0.118248357	3
SRR8119119	2.772189001	0.597222857	0.573401192	3
SRR8119121	3.833288026	0.666603529	0.779122021	3
SRR8119127	1.978583206	0.611527357	0.464199416	3
SRR8119130	2.894727548	0.791519234	0.172790363	3
SRR8119144	1.667720862	-1.684093875	0.714061611	4
SRR8119146	1.875746952	0.73451245	0.448022754	3
SRR8119149	1.993812531	0.705420634	0.383985676	3
SRR8119150	1.646693497	0.671153666	0.514923556	3
SRR8119162	1.787974719	0.799825862	0.689019663	3
SRR8119165	2.974460802	0.597221857	-0.169428368	3
SRR8119167	2.59740775	0.700309297	0.177524099	3
SRR8119168	2.665886641	0.721722756	0.149153609	3
SRR8119169	1.918563611	0.79751105	0.707272845	3
SRR8119170	2.264367535	0.614402651	0.534747255	3
SRR8119189	1.534663119	-3.749386198	-0.710119356	4
SRR8119190	0.74512406	-4.333980754	-0.021629044	4
SRR8119191	0.535701815	-3.151651693	-0.592384258	4
SRR8119192	0.835669491	-5.753893387	0.718814165	4
SRR8119195	0.623474899	-3.15241782	-0.684404869	4
SRR8119196	1.224202343	-7.417946327	1.459611506	4
SRR8119197	3.350801517	-0.005438863	-0.941349681	3
SRR8119198	1.164026206	0.869395116	1.182934684	3
SRR8119201	1.167203929	-5.371250653	0.562991574	4
SRR8119202	1.816874009	-3.870635187	0.220398416	4
SRR8119205	2.97989508	0.916345934	0.614757772	3
SRR8119206	2.389716246	0.588058657	0.195528651	3
SRR8119210	1.592569583	0.795687231	0.436655614	3
SRR8119213	3.39351259	1.028086803	0.681543933	3
SRR8119219	1.729319225	0.211488564	0.369831188	3
SRR8119221	1.36022454	0.66162524	1.019648886	3
SRR8119226	2.911168698	-0.118973982	0.77678688	3
SRR8119249	0.690641986	0.681964967	-2.847256904	2
SRR8119251	1.840330764	0.476227799	-1.46491845	3
SRR8119254	2.842500666	0.454768786	-0.115388647	3
SRR8119256	1.894119451	0.038573074	0.412704401	3
SRR8119257	1.453013344	0.627071574	0.75508946	3
SRR8119259	1.539814233	0.627482687	0.737234891	3
SRR8119261	1.796441148	0.097830092	0.244026315	3
SRR8119267	2.334683262	0.313764352	-0.097651581	3
SRR8119270	1.738635944	0.599621758	0.473649712	3
SRR8119281	1.815128883	0.737199063	0.443782319	3
SRR8119282	2.181064431	-0.264173544	-1.592722422	3
SRR8119283	1.130934601	-0.49141625	-1.452308058	3
SRR8119285	2.111172873	0.446591992	-0.16838362	3
SRR8119287	1.191986442	0.070969959	-1.812404199	3
SRR8119290	3.446906514	0.234758781	-2.237097706	3
SRR8119291	2.133956327	0.367935945	-0.767998678	3
SRR8119292	2.777037414	0.210131305	-1.441023736	3
SRR8119293	2.213687856	0.105239013	-0.916165238	3
SRR8119294	2.887501434	0.598632229	-0.981482584	3
SRR8119299	0.233114339	-0.088824665	-0.922270982	3
SRR8119304	1.56405938	-0.179595794	0.637859349	3
SRR8119307	-1.021509053	0.21177034	-1.726912171	3
SRR8119308	1.126311918	0.219275361	0.016652716	3
SRR8119309	2.146865703	0.36735741	-0.650814898	3
SRR8119310	3.521334198	0.290502625	-0.018053556	3
SRR8119312	2.3792398	0.493598247	0.06795268	3
SRR8119325	1.504912635	0.726770175	0.801959967	3
SRR8119329	1.047400258	0.298512904	-0.345994465	3
SRR8119330	1.623605745	0.370538535	-0.653273523	3
SRR8119347	1.9300349	0.613115729	-0.59505091	3
SRR8119351	2.399585161	0.331476198	0.274780123	3
SRR8119352	3.005665655	0.553526621	0.062875878	3
SRR8119358	3.086020311	0.008461684	0.024380035	3
SRR8119359	3.588900446	0.385546992	0.299556732	3
SRR8119360	3.127116133	0.361770508	-0.299090612	3
SRR8119366	3.332234663	-1.175869745	0.737776907	3
SRR8119369	2.936162769	0.809987411	-1.137203762	3
SRR8119371	3.102706719	0.541764485	-0.039423247	3
SRR8119372	2.151032823	0.855570601	0.079814733	3
SRR8119373	1.362767658	0.575525794	0.215533103	3
SRR8119375	1.254229263	0.411920411	0.385153663	3
SRR8119376	1.155085067	0.156158188	0.012122987	3
SRR8119383	1.839118312	0.786394903	0.459690641	3
SRR8119389	2.683167728	-3.164252006	-0.159713865	4
SRR8119390	1.198219471	0.838547587	1.181237184	3
SRR8119394	2.708714593	0.096611184	0.665211248	3
SRR8119396	2.675524402	0.448947657	0.809753849	3
SRR8119400	1.941919528	1.064329014	0.717598025	3
SRR8119401	1.134893195	-2.973447659	1.02795776	4
SRR8119408	1.585656746	0.831697707	-0.825316559	3
SRR8119410	2.699573199	0.484984285	0.162530184	3
SRR8119412	1.117395919	0.632940296	0.643216992	3
SRR8119416	2.439619119	0.70490114	0.259575774	3
SRR8119418	1.945693595	0.177439535	0.373950821	3
SRR8119419	1.603249276	0.349151078	-0.921032461	3
SRR8119420	1.460063471	0.100290851	-1.151297768	3
SRR8119421	1.340087721	-0.287248263	-0.089630566	3
SRR8119422	0.832455483	0.134001554	-1.089411378	3
SRR8119425	2.071147118	0.418230307	-0.987383921	3
SRR8119436	3.914138632	0.413516852	-4.609176718	2
SRR8119439	1.785771938	0.197077337	-0.822983089	3
SRR8119440	1.363349876	0.137753625	-1.094596086	3
SRR8119441	1.635488088	0.239761838	-0.563436113	3
SRR8119442	2.6686774	0.800591691	-0.36944639	3
SRR8119443	2.026431954	0.848573205	-1.325889616	3
SRR8119444	2.751367432	0.8324619	-1.891580323	3
SRR8119452	2.490700296	0.344217751	-0.252553823	3
SRR8119459	1.400270916	0.471609147	-0.826056779	3
SRR8119460	0.102026323	0.271198634	-1.602232809	3
SRR8119461	0.103258822	-5.43533596	1.486201131	4
SRR8119462	2.154554714	0.662743624	-0.574423104	3
SRR8119472	2.374241161	0.496653687	-0.300682166	3
SRR8119475	3.293351742	0.219967857	-0.914956833	3
SRR8119477	1.355305477	0.882618304	1.051203315	3
SRR8119484	-0.104414522	0.071475526	-1.668046769	2
SRR8119491	1.737574317	0.203948719	0.372161225	3
SRR8119496	1.431614039	0.710178572	0.418665029	3
SRR8119502	1.969693699	0.297290526	0.02550876	3
SRR8119503	2.335450502	0.412491477	-0.118924674	3
SRR8119506	2.586018932	0.350754864	0.063116681	3
SRR8119507	1.572342038	0.730805339	0.395220609	3
SRR8119508	2.547709901	0.495886106	0.101652055	3
SRR8119516	1.349426801	0.669190743	0.839435258	3
SRR8119519	2.86630599	-1.179803496	1.254803989	3
SRR8119521	2.209482693	-0.216586663	0.898584577	3
SRR8119522	2.702822884	-0.921383257	0.843461238	3
SRR8119524	2.959628836	0.004570415	-0.239175969	3
SRR8119529	2.205525726	-0.029146149	-0.504989768	3
SRR8119537	2.927307051	-0.183789389	-0.256240753	3
SRR8119541	1.722978946	0.556064771	-0.342132859	3
SRR8119542	1.735166317	0.43117162	-0.445927539	3
SRR8119543	1.823413391	0.617986058	-0.225604757	3
SRR8119544	1.664042828	0.718153257	0.387233087	3
SRR8119545	2.60285595	0.565121675	0.834108684	3
SRR8119546	1.746330357	0.694119777	-0.005379214	3
SRR8119547	2.316641245	0.622018045	0.702947761	3
SRR8119548	1.452386493	0.728654866	0.2555496	3
SRR8119561	1.496857706	0.399782446	0.567122101	3
SRR8119565	1.866170109	0.662548733	0.630150037	3
SRR8119566	1.392651778	0.418974869	0.587934336	3
SRR8119568	3.730554735	0.237489217	-0.817349657	3
SRR8119571	1.736761928	-0.037554163	0.404505107	3
SRR8119572	2.346901577	-0.020973393	-0.216855384	3
SRR8119577	2.353069739	0.647153541	-0.08319142	3
SRR8119579	2.516120106	0.308755971	-0.098671226	3
SRR8119582	2.213179679	0.965098237	0.837426183	3
SRR8119594	1.41430668	0.944293901	1.083676383	3
SRR8119599	1.978119559	0.537156264	0.507660573	3
SRR8119600	1.28126485	0.285294203	-0.482234324	3
SRR8119601	2.005101912	0.273890783	-2.396098669	3
SRR8119602	0.399657923	0.157370129	-1.478864644	3
SRR8119603	2.308010481	0.453927493	0.411766426	3
SRR8119604	0.703276816	0.427989449	-1.060498938	3
SRR8119605	1.943955689	-0.053020283	-0.802254166	3
SRR8119611	3.310149232	-1.321081376	0.630381387	3
SRR8119612	2.769959215	0.375713311	-0.240885734	3
SRR8119620	2.886183864	-0.184731637	-0.087165277	3
SRR8119622	1.214260412	0.896525047	1.274714752	3
SRR8119623	3.169127485	0.727035305	0.448147111	3
SRR8119628	3.025149659	-0.48447328	0.012467042	3
SRR8119636	1.802924055	0.732625949	0.751515722	3
SRR8119642	1.492913647	0.374766294	-0.197770324	3
SRR8119644	1.48081004	-0.159593885	0.032966425	3
SRR8119652	-0.338252133	0.435342295	-1.994060563	3
SRR8119655	1.274564235	0.498717832	-0.213864384	3
SRR8119660	1.395539167	0.030176385	1.580549016	3
SRR8119662	1.412516108	0.386164122	0.436915384	3
SRR8119668	1.979750124	0.752891918	0.785066148	3
SRR8119669	1.467306723	0.863565112	0.684318397	3
SRR8119674	2.601331612	0.71064546	0.640808629	3
SRR8119677	1.344815721	0.788680153	1.097795178	3
SRR8119680	1.835083642	-0.205296461	0.440912291	3
SRR8119692	2.105982036	-0.525902756	0.730910747	3
SRR8119694	1.160497333	0.842705452	0.892320143	3
SRR8119695	2.041708389	0.673975486	0.163014787	3
SRR8119696	1.751478383	0.644524935	0.213138655	3
SRR8119697	2.278274779	0.746742492	0.345847031	3
SRR8119698	1.791512058	0.726590266	0.742165907	3
SRR8119701	1.414476218	0.071062513	0.048146678	3
SRR8119705	1.651714275	0.852683668	0.769141054	3
SRR8119711	1.187460859	0.353551218	-0.040207097	3
SRR8119714	1.559191281	-0.381444296	-0.071405945	3
SRR8119718	1.58653029	0.862490406	-0.490187252	3
SRR8119719	0.752072061	0.696245445	0.278543761	3
SRR8119721	2.194136532	0.885043129	-0.33109723	3
SRR8119722	1.965714468	0.472397843	-0.609880236	3
SRR8119723	1.584106475	0.891156383	-0.403729055	3
SRR8119736	3.269574354	-0.996081416	-1.693629245	3
SRR8119737	0.104018581	0.879391306	-1.288532751	2
SRR8119751	2.3188028	0.968594435	0.394228801	3
SRR8119761	1.381412607	0.602878457	1.283454995	3
SRR8119762	2.251349359	0.478978877	0.121065213	3
SRR8119764	1.922648184	-1.154257303	1.109626601	3
SRR8119765	1.687568137	0.193925498	0.038318954	3
SRR8119778	1.285250438	0.735875928	0.723035119	3
SRR8119792	0.605410432	-4.290100792	1.761416229	4
SRR8119794	1.297955362	0.881627037	0.994236255	3
SRR8119795	2.640360853	0.841609912	0.5671174	3
SRR8119796	1.042288165	0.663255771	0.501292401	3
SRR8119797	1.006080783	0.629213182	0.225137409	3
SRR8120000	2.397376226	-0.267194043	-0.706811606	3
SRR8120002	1.585876311	0.834526089	0.50143491	3
SRR8120003	1.551889026	-1.558188283	-0.020066347	3
SRR8120020	2.419656146	0.44213846	-0.526282741	3
SRR8120029	0.633562711	-4.256175145	1.886856509	4
SRR8120033	1.870987451	0.859609061	0.496860462	3
SRR8120035	2.355351255	0.646677733	0.129782866	3
SRR8120037	1.405288747	0.147054235	0.210590525	3
SRR8120039	1.078086415	0.64852377	1.079804623	3
SRR8120041	3.759681416	0.452490007	0.637984696	3
SRR8120044	4.132653606	0.245300132	0.284063097	3
SRR8120064	2.407532573	0.470320233	0.60335602	3
SRR8120068	2.470091881	0.97683512	1.018047774	3
SRR8120073	-0.098487808	-0.241637325	0.301714304	3
SRR8120083	1.84394514	-4.850521728	2.203080681	4
SRR8120093	2.800716106	0.80937552	0.225426962	3
SRR8120095	3.12499825	-0.003490336	0.125501772	3
SRR8120123	2.3912782	0.793268484	0.017230963	3
SRR8120127	1.641175546	-0.424655244	0.414165717	3
SRR8120129	2.903501449	0.457833188	-0.947883938	3
SRR8120133	1.308234386	0.708545213	0.424098326	3
SRR8120137	0.520872384	-1.688399444	-0.685091281	4
SRR8120150	1.686743702	0.619487064	-1.023903024	3
SRR8120167	1.608769372	-0.295835975	-0.136178815	3
SRR8120169	1.334279746	-3.297340845	-2.096147918	3
SRR8120175	2.660031422	0.332189184	0.03015776	3
SRR8120177	2.606973742	0.204299122	-0.007869733	3
SRR8120184	3.042598174	0.038939977	0.027862295	3
SRR8120185	2.698585469	0.71951229	-0.591044649	3
SRR8120186	1.887665043	0.706813679	-0.269102778	3
SRR8120189	2.445891969	0.561583256	-0.448853805	3
SRR8120217	2.476845971	0.777162203	-0.309915062	3
SRR8120220	2.607785511	0.647512364	-0.903997441	3
SRR8120225	2.672862866	0.505330973	-1.08021079	3
SRR8120260	1.418668073	0.500857608	0.345845743	3
SRR8120268	0.833441622	0.582351204	-1.874016994	2
SRR8120269	0.500023815	0.072393465	-0.670363664	3
SRR8120319	1.927897144	0.651542335	0.145368502	3
SRR8120328	2.283278571	0.847288791	0.357190565	3
SRR8120338	2.464723017	-2.54318147	1.169351041	3
SRR8120339	2.664534314	-5.658121868	1.956205494	4
SRR8120351	2.214025938	0.782855006	-0.218205546	3
SRR8120352	0.509753716	-3.854997401	1.716928911	4
SRR8120384	4.021959463	-0.295714961	0.61531054	3
SRR8120385	0.502427294	-2.968641823	0.556797853	4
SRR8120387	0.173221744	-4.299290221	-0.753834027	4
SRR8120388	0.821252883	-3.808656107	-0.426487467	4
SRR8120389	0.348980148	-4.776376271	0.752050786	4
SRR8120390	0.679665962	-3.39218753	-0.612933154	4
SRR8120393	2.276695134	0.532728489	0.978232538	3
SRR8120402	1.68563007	-0.164735075	-1.873666676	3
SRR8120407	2.524121487	0.888580752	1.100768417	3
SRR8120408	2.733757838	0.549651917	-0.746077458	3
SRR8120409	2.867893684	0.593100016	-0.961567533	3
SRR8120425	3.157196947	-1.822164853	1.023320688	3
SRR8120426	0.597249387	0.26625816	-0.918949601	3
SRR8120427	1.812595419	-0.216995648	-0.626405466	3
SRR8120428	1.235866914	0.579558712	0.238812412	3
SRR8120432	2.359441789	0.047344551	-0.867692711	3
SRR8120450	1.42489783	0.055856888	1.425664104	3
SRR8120458	1.86441397	0.314080073	-0.366950527	3
SRR8120461	2.117894281	0.151798151	-0.246358268	3
SRR8120463	1.845054627	0.172544811	0.102939843	3
SRR8120464	1.770130581	0.095753368	0.052366501	3
SRR8120497	0.220074317	-6.556073075	1.801091763	4
SRR8120498	0.643531702	-5.259624933	0.928348857	4
SRR8120507	2.425947971	0.520355561	-0.01492072	3
SRR8120516	2.525458014	0.365363743	-0.440138717	3
SRR8120521	2.85026323	0.220960381	-0.400729276	3
SRR8120531	1.167755811	-1.134911959	0.15934916	4
SRR8120558	1.833486206	-2.80155277	0.74547586	3
SRR8120559	2.955352236	-2.173392547	0.737274557	3
SRR8120564	1.900538629	-0.631156697	0.907012583	3
SRR8120565	3.14028561	-0.179695241	0.209177827	3
SRR8120572	1.835266537	-2.933790274	1.634764003	4
SRR8120581	1.543141249	0.732172039	0.997246786	3
SRR8120588	1.399907319	-0.595521138	-0.844697417	3
SRR8120601	1.899639562	0.639984934	-0.252519493	3
SRR8120602	3.360958964	0.541251617	-0.636345289	3
SRR8120603	2.416684361	-0.001728812	-0.887505316	3
SRR8120605	2.126083966	0.89370956	0.392038723	3
SRR8120609	2.230341804	0.639202662	-0.427340344	3
SRR8120619	1.396946407	-9.62497384	3.250916357	4
SRR8120622	1.409707879	-0.479580849	-2.044503496	3
SRR8120623	1.609475167	-1.165505228	1.01044791	3
SRR8120627	1.164011868	0.578104739	0.151067204	3
SRR8120628	1.478164601	1.04455005	-0.077305904	3
SRR8120630	0.763969692	0.344325431	-0.169297393	3
SRR8120632	1.279554208	0.737555122	1.09014385	3
SRR8120633	2.121775574	0.337685011	0.162808875	3
SRR8120653	2.747894431	0.291837074	-1.371902882	3
SRR8120655	1.106393146	0.518568489	-0.721372795	3
SRR8120657	0.351750468	-5.477500332	1.895005909	4
SRR8120664	1.233851262	0.723269231	0.403318149	3
SRR8120668	0.384922377	-2.815645163	-0.795198518	4
SRR8120683	0.760076411	-3.570080004	1.530292819	4
SRR8120685	-0.193442642	-2.702674288	0.682796983	4
SRR8120687	1.161522508	-2.833417505	1.115821423	4
SRR8120715	1.376228998	0.703668653	0.144955323	3
SRR8120718	1.668871819	0.018717116	-1.02217762	3
SRR8120723	3.455748254	0.133024917	-0.082340241	3
SRR8120724	2.918270502	0.801528259	0.336905859	3
SRR8120740	2.167837575	0.477614382	0.289342757	3
SRR8120749	2.155230581	0.778401582	-0.322653529	3
SRR8120756	1.456009646	-2.940403569	0.924161257	4
SRR8120760	1.156441038	-4.14631808	1.415071356	4
SRR8120766	2.461609635	0.304775506	-1.789184709	3
SRR8120767	1.933060684	0.268331308	-2.336288328	2
SRR8120770	1.688270896	0.349681193	-1.965294849	3
SRR8120771	2.049274827	-0.358552587	-0.436975303	3
SRR8120772	1.486474508	0.165976301	-0.935280825	3
SRR8120773	2.234278239	-0.04186265	-1.194247279	3
SRR8120776	1.211071124	-0.226638657	-0.345594607	3
SRR8120778	2.247599082	-0.182110903	-0.475501008	3
SRR8120785	4.065438815	-1.098335166	0.049371575	3
SRR8120789	0.125448816	-3.657176162	0.311549817	4
SRR8120805	2.215401598	0.530894055	0.193582283	3
SRR8120821	1.562474715	-0.290299804	0.340825867	3
SRR8120835	2.362364575	0.37498736	-0.172568597	3
SRR8120837	2.802549838	-0.194422996	-0.328410103	3
SRR8120841	2.416678443	0.653558778	0.540437512	3
SRR8120854	1.495246776	0.784473162	0.760232923	3
SRR8120861	2.241804583	-0.448649585	-0.605245414	3
SRR8120863	1.519062163	0.549569471	0.250434691	3
SRR8120866	2.876599626	0.597655636	0.390468408	3
SRR8120875	2.187644527	0.163432517	-0.529485707	3
SRR8120880	0.497037855	-0.649086795	-0.474649092	3
SRR8120883	-3.566127317	-0.551119283	-4.095640176	2
SRR8120890	2.227705171	0.472321431	-0.235763256	3
SRR8120902	0.590509611	-2.161799401	-0.128344866	4
SRR8120915	1.300207709	0.51488303	0.272957295	3
SRR8120916	2.152216028	0.717405228	0.524169183	3
SRR8120925	2.331566732	0.397131733	-0.026887274	3
SRR8120928	1.042245304	0.729638354	0.557496456	3
SRR8120929	3.007064743	0.498572539	-0.318663393	3
SRR8120930	1.984578756	0.753688077	0.346651313	3
SRR8120937	2.38630293	-0.179003174	0.641096701	3
SRR8120938	-1.555106556	-4.378589786	3.248260193	4
SRR8120939	-0.838601342	0.378422808	-1.367770982	2
SRR8120946	-0.850474493	-3.980963779	1.208513475	4
SRR8120948	1.963603869	-0.20900166	-0.247849208	3
SRR8120949	0.154674249	0.429193568	-1.741118547	2
SRR8120961	1.932148806	0.74236743	0.710832635	3
SRR8120963	1.955837484	0.802956555	0.598432529	3
SRR8120964	2.127503081	0.93194191	0.429002597	3
SRR8120992	1.014463839	-0.10160706	-1.293286394	3
SRR8120993	2.350506913	-0.14220356	0.378064533	3
SRR8120996	1.233226025	0.86899524	0.883008636	3
Twins.10A	0.565946882	-4.754932116	-1.5250516	4
Twins.10B	2.414179673	-4.384189029	-0.62138348	4
Twins.7A	0.592511002	0.183729567	0.227446716	3
Twins.7B	0.808063807	-1.201552395	-0.127033582	3
Twins.8A	0.962519073	-0.042991007	0.815729745	3
Twins.8B	1.214037261	0.415486665	0.84004511	3
